G0001	410500.0	2974500.0	10
G0002	170500.0	2976500.0	3
G0003	169500.0	2977500.0	1
G0004	170500.0	2977500.0	2
G0005	169500.0	2978500.0	1
G0006	170500.0	2978500.0	1
G0007	173500.0	2978500.0	1
G0008	170500.0	2979500.0	4
G0009	171500.0	2979500.0	1
G0010	172500.0	2979500.0	2
G0011	169500.0	2981500.0	6
G0012	185500.0	2982500.0	1
G0013	185500.0	2983500.0	6
G0014	181500.0	2984500.0	5
G0015	152500.0	2985500.0	2
G0016	153500.0	2986500.0	3
G0017	158500.0	2986500.0	1
G0018	154500.0	2987500.0	2
G0019	154500.0	2988500.0	1
G0020	158500.0	2988500.0	2
G0021	159500.0	2988500.0	1
G0022	154500.0	2989500.0	1
G0023	155500.0	2989500.0	2
G0024	180500.0	2989500.0	2
G0025	181500.0	2989500.0	1
G0026	155500.0	2990500.0	3
G0027	156500.0	2990500.0	3
G0028	157500.0	2990500.0	2
G0029	179500.0	2990500.0	6
G0030	180500.0	2990500.0	6
G0031	154500.0	2991500.0	1
G0032	155500.0	2991500.0	3
G0033	179500.0	2991500.0	1
G0034	180500.0	2991500.0	3
G0035	154500.0	2992500.0	2
G0036	269500.0	2992500.0	1
G0037	404500.0	2992500.0	4
G0038	405500.0	2992500.0	4
G0039	154500.0	2993500.0	7
G0040	177500.0	2993500.0	1
G0041	178500.0	2993500.0	3
G0042	223500.0	2993500.0	1
G0043	262500.0	2993500.0	2
G0044	263500.0	2993500.0	5
G0045	268500.0	2993500.0	3
G0046	269500.0	2993500.0	2
G0047	404500.0	2993500.0	2
G0048	104500.0	2994500.0	2
G0049	130500.0	2994500.0	4
G0050	131500.0	2994500.0	8
G0051	132500.0	2994500.0	1
G0052	154500.0	2994500.0	2
G0053	176500.0	2994500.0	1
G0054	177500.0	2994500.0	6
G0055	178500.0	2994500.0	2
G0056	226500.0	2994500.0	1
G0057	262500.0	2994500.0	5
G0058	390500.0	2994500.0	4
G0059	404500.0	2994500.0	12
G0060	104500.0	2995500.0	2
G0061	132500.0	2995500.0	4
G0062	133500.0	2995500.0	1
G0063	139500.0	2995500.0	4
G0064	154500.0	2995500.0	1
G0065	163500.0	2995500.0	2
G0066	164500.0	2995500.0	4
G0067	178500.0	2995500.0	2
G0068	179500.0	2995500.0	1
G0069	226500.0	2995500.0	1
G0070	227500.0	2995500.0	2
G0071	264500.0	2995500.0	3
G0072	267500.0	2995500.0	1
G0073	269500.0	2995500.0	5
G0074	270500.0	2995500.0	2
G0075	370500.0	2995500.0	3
G0076	371500.0	2995500.0	3
G0077	372500.0	2995500.0	1
G0078	375500.0	2995500.0	1
G0079	382500.0	2995500.0	1
G0080	389500.0	2995500.0	10
G0081	390500.0	2995500.0	6
G0082	391500.0	2995500.0	4
G0083	104500.0	2996500.0	1
G0084	105500.0	2996500.0	2
G0085	112500.0	2996500.0	3
G0086	113500.0	2996500.0	3
G0087	133500.0	2996500.0	5
G0088	153500.0	2996500.0	6
G0089	164500.0	2996500.0	7
G0090	166500.0	2996500.0	1
G0091	167500.0	2996500.0	3
G0092	168500.0	2996500.0	3
G0093	169500.0	2996500.0	3
G0094	170500.0	2996500.0	2
G0095	179500.0	2996500.0	3
G0096	180500.0	2996500.0	1
G0097	181500.0	2996500.0	3
G0098	182500.0	2996500.0	1
G0099	264500.0	2996500.0	4
G0100	265500.0	2996500.0	1
G0101	266500.0	2996500.0	3
G0102	268500.0	2996500.0	7
G0103	269500.0	2996500.0	5
G0104	271500.0	2996500.0	2
G0105	272500.0	2996500.0	2
G0106	375500.0	2996500.0	7
G0107	376500.0	2996500.0	3
G0108	377500.0	2996500.0	3
G0109	379500.0	2996500.0	2
G0110	380500.0	2996500.0	3
G0111	381500.0	2996500.0	5
G0112	382500.0	2996500.0	4
G0113	404500.0	2996500.0	2
G0114	106500.0	2997500.0	3
G0115	107500.0	2997500.0	1
G0116	112500.0	2997500.0	3
G0117	113500.0	2997500.0	8
G0118	133500.0	2997500.0	1
G0119	134500.0	2997500.0	1
G0120	153500.0	2997500.0	1
G0121	164500.0	2997500.0	5
G0122	165500.0	2997500.0	5
G0123	166500.0	2997500.0	1
G0124	167500.0	2997500.0	4
G0125	168500.0	2997500.0	6
G0126	169500.0	2997500.0	3
G0127	172500.0	2997500.0	2
G0128	264500.0	2997500.0	2
G0129	265500.0	2997500.0	5
G0130	267500.0	2997500.0	3
G0131	268500.0	2997500.0	2
G0132	269500.0	2997500.0	4
G0133	374500.0	2997500.0	1
G0134	375500.0	2997500.0	1
G0135	379500.0	2997500.0	2
G0136	107500.0	2998500.0	2
G0137	111500.0	2998500.0	2
G0138	112500.0	2998500.0	1
G0139	134500.0	2998500.0	3
G0140	172500.0	2998500.0	2
G0141	173500.0	2998500.0	2
G0142	264500.0	2998500.0	1
G0143	265500.0	2998500.0	2
G0144	266500.0	2998500.0	1
G0145	374500.0	2998500.0	1
G0146	379500.0	2998500.0	4
G0147	380500.0	2998500.0	8
G0148	111500.0	2999500.0	3
G0149	132500.0	2999500.0	5
G0150	133500.0	2999500.0	3
G0151	134500.0	2999500.0	7
G0152	135500.0	2999500.0	2
G0153	152500.0	2999500.0	3
G0154	158500.0	2999500.0	2
G0155	170500.0	2999500.0	1
G0156	171500.0	2999500.0	5
G0157	172500.0	2999500.0	2
G0158	173500.0	2999500.0	3
G0159	174500.0	2999500.0	5
G0160	378500.0	2999500.0	2
G0161	379500.0	2999500.0	1
G0162	110500.0	3000500.0	4
G0163	111500.0	3000500.0	1
G0164	113500.0	3000500.0	2
G0165	114500.0	3000500.0	3
G0166	115500.0	3000500.0	2
G0167	153500.0	3000500.0	4
G0168	158500.0	3000500.0	4
G0169	174500.0	3000500.0	2
G0170	288500.0	3000500.0	4
G0171	403500.0	3000500.0	10
G0172	108500.0	3001500.0	2
G0173	109500.0	3001500.0	3
G0174	111500.0	3001500.0	3
G0175	112500.0	3001500.0	3
G0176	113500.0	3001500.0	1
G0177	153500.0	3001500.0	2
G0178	158500.0	3001500.0	4
G0179	185500.0	3001500.0	3
G0180	288500.0	3001500.0	2
G0181	403500.0	3001500.0	14
G0182	404500.0	3001500.0	4
G0183	107500.0	3002500.0	1
G0184	108500.0	3002500.0	1
G0185	138500.0	3002500.0	2
G0186	139500.0	3002500.0	5
G0187	159500.0	3002500.0	4
G0188	160500.0	3002500.0	2
G0189	183500.0	3002500.0	2
G0190	184500.0	3002500.0	3
G0191	185500.0	3002500.0	4
G0192	191500.0	3002500.0	1
G0193	194500.0	3002500.0	1
G0194	287500.0	3002500.0	3
G0195	357500.0	3002500.0	1
G0196	403500.0	3002500.0	2
G0197	404500.0	3002500.0	8
G0198	106500.0	3003500.0	3
G0199	107500.0	3003500.0	1
G0200	114500.0	3003500.0	1
G0201	115500.0	3003500.0	5
G0202	137500.0	3003500.0	4
G0203	160500.0	3003500.0	4
G0204	183500.0	3003500.0	5
G0205	184500.0	3003500.0	1
G0206	185500.0	3003500.0	1
G0207	191500.0	3003500.0	4
G0208	194500.0	3003500.0	2
G0209	195500.0	3003500.0	3
G0210	286500.0	3003500.0	1
G0211	287500.0	3003500.0	2
G0212	288500.0	3003500.0	2
G0213	403500.0	3003500.0	6
G0214	98500.0	3004500.0	1
G0215	105500.0	3004500.0	1
G0216	159500.0	3004500.0	1
G0217	160500.0	3004500.0	7
G0218	191500.0	3004500.0	1
G0219	192500.0	3004500.0	3
G0220	196500.0	3004500.0	4
G0221	219500.0	3004500.0	1
G0222	221500.0	3004500.0	1
G0223	286500.0	3004500.0	1
G0224	98500.0	3005500.0	2
G0225	159500.0	3005500.0	1
G0226	160500.0	3005500.0	3
G0227	170500.0	3005500.0	7
G0228	192500.0	3005500.0	5
G0229	197500.0	3005500.0	4
G0230	221500.0	3005500.0	1
G0231	222500.0	3005500.0	2
G0232	307500.0	3005500.0	3
G0233	308500.0	3005500.0	1
G0234	311500.0	3005500.0	3
G0235	99500.0	3006500.0	3
G0236	152500.0	3006500.0	3
G0237	153500.0	3006500.0	6
G0238	154500.0	3006500.0	6
G0239	155500.0	3006500.0	1
G0240	160500.0	3006500.0	1
G0241	181500.0	3006500.0	2
G0242	182500.0	3006500.0	1
G0243	183500.0	3006500.0	2
G0244	184500.0	3006500.0	2
G0245	188500.0	3006500.0	1
G0246	193500.0	3006500.0	1
G0247	197500.0	3006500.0	4
G0248	222500.0	3006500.0	1
G0249	287500.0	3006500.0	1
G0250	288500.0	3006500.0	1
G0251	307500.0	3006500.0	5
G0252	310500.0	3006500.0	2
G0253	311500.0	3006500.0	1
G0254	315500.0	3006500.0	3
G0255	316500.0	3006500.0	3
G0256	353500.0	3006500.0	1
G0257	355500.0	3006500.0	1
G0258	100500.0	3007500.0	3
G0259	103500.0	3007500.0	5
G0260	104500.0	3007500.0	2
G0261	105500.0	3007500.0	1
G0262	121500.0	3007500.0	5
G0263	122500.0	3007500.0	4
G0264	123500.0	3007500.0	2
G0265	152500.0	3007500.0	10
G0266	153500.0	3007500.0	3
G0267	155500.0	3007500.0	1
G0268	181500.0	3007500.0	3
G0269	188500.0	3007500.0	2
G0270	189500.0	3007500.0	3
G0271	193500.0	3007500.0	5
G0272	197500.0	3007500.0	3
G0273	288500.0	3007500.0	2
G0274	311500.0	3007500.0	1
G0275	350500.0	3007500.0	3
G0276	352500.0	3007500.0	3
G0277	353500.0	3007500.0	5
G0278	354500.0	3007500.0	3
G0279	355500.0	3007500.0	5
G0280	356500.0	3007500.0	4
G0281	101500.0	3008500.0	2
G0282	102500.0	3008500.0	6
G0283	103500.0	3008500.0	2
G0284	106500.0	3008500.0	2
G0285	107500.0	3008500.0	1
G0286	118500.0	3008500.0	1
G0287	119500.0	3008500.0	7
G0288	120500.0	3008500.0	3
G0289	121500.0	3008500.0	5
G0290	122500.0	3008500.0	5
G0291	123500.0	3008500.0	4
G0292	180500.0	3008500.0	1
G0293	193500.0	3008500.0	1
G0294	310500.0	3008500.0	1
G0295	351500.0	3008500.0	4
G0296	352500.0	3008500.0	1
G0297	376500.0	3008500.0	2
G0298	377500.0	3008500.0	2
G0299	102500.0	3009500.0	3
G0300	106500.0	3009500.0	3
G0301	118500.0	3009500.0	1
G0302	119500.0	3009500.0	3
G0303	120500.0	3009500.0	1
G0304	121500.0	3009500.0	2
G0305	122500.0	3009500.0	1
G0306	123500.0	3009500.0	2
G0307	124500.0	3009500.0	2
G0308	303500.0	3009500.0	1
G0309	310500.0	3009500.0	6
G0310	377500.0	3009500.0	3
G0311	102500.0	3010500.0	1
G0312	106500.0	3010500.0	1
G0313	121500.0	3010500.0	1
G0314	122500.0	3010500.0	3
G0315	124500.0	3010500.0	2
G0316	178500.0	3010500.0	3
G0317	179500.0	3010500.0	5
G0318	194500.0	3010500.0	1
G0319	244500.0	3010500.0	3
G0320	302500.0	3010500.0	3
G0321	303500.0	3010500.0	3
G0322	304500.0	3010500.0	2
G0323	377500.0	3010500.0	2
G0324	390500.0	3010500.0	2
G0325	391500.0	3010500.0	3
G0326	102500.0	3011500.0	3
G0327	123500.0	3011500.0	3
G0328	124500.0	3011500.0	5
G0329	176500.0	3011500.0	1
G0330	177500.0	3011500.0	6
G0331	192500.0	3011500.0	1
G0332	193500.0	3011500.0	5
G0333	302500.0	3011500.0	1
G0334	303500.0	3011500.0	5
G0335	304500.0	3011500.0	3
G0336	311500.0	3011500.0	2
G0337	313500.0	3011500.0	1
G0338	387500.0	3011500.0	4
G0339	388500.0	3011500.0	3
G0340	390500.0	3011500.0	2
G0341	391500.0	3011500.0	2
G0342	392500.0	3011500.0	1
G0343	393500.0	3011500.0	1
G0344	401500.0	3011500.0	2
G0345	102500.0	3012500.0	2
G0346	110500.0	3012500.0	6
G0347	113500.0	3012500.0	3
G0348	114500.0	3012500.0	2
G0349	118500.0	3012500.0	4
G0350	124500.0	3012500.0	7
G0351	160500.0	3012500.0	2
G0352	161500.0	3012500.0	4
G0353	162500.0	3012500.0	2
G0354	251500.0	3012500.0	1
G0355	283500.0	3012500.0	2
G0356	303500.0	3012500.0	3
G0357	304500.0	3012500.0	4
G0358	311500.0	3012500.0	3
G0359	361500.0	3012500.0	6
G0360	364500.0	3012500.0	4
G0361	371500.0	3012500.0	1
G0362	389500.0	3012500.0	4
G0363	392500.0	3012500.0	3
G0364	393500.0	3012500.0	2
G0365	401500.0	3012500.0	3
G0366	102500.0	3013500.0	4
G0367	110500.0	3013500.0	3
G0368	114500.0	3013500.0	29
G0369	118500.0	3013500.0	4
G0370	124500.0	3013500.0	6
G0371	125500.0	3013500.0	1
G0372	161500.0	3013500.0	2
G0373	162500.0	3013500.0	3
G0374	183500.0	3013500.0	1
G0375	203500.0	3013500.0	2
G0376	204500.0	3013500.0	3
G0377	249500.0	3013500.0	5
G0378	251500.0	3013500.0	6
G0379	254500.0	3013500.0	4
G0380	283500.0	3013500.0	5
G0381	290500.0	3013500.0	5
G0382	291500.0	3013500.0	3
G0383	292500.0	3013500.0	3
G0384	302500.0	3013500.0	1
G0385	303500.0	3013500.0	6
G0386	304500.0	3013500.0	2
G0387	311500.0	3013500.0	1
G0388	312500.0	3013500.0	1
G0389	313500.0	3013500.0	1
G0390	314500.0	3013500.0	1
G0391	361500.0	3013500.0	1
G0392	364500.0	3013500.0	1
G0393	370500.0	3013500.0	3
G0394	371500.0	3013500.0	1
G0395	388500.0	3013500.0	2
G0396	389500.0	3013500.0	1
G0397	401500.0	3013500.0	1
G0398	109500.0	3014500.0	2
G0399	114500.0	3014500.0	1
G0400	118500.0	3014500.0	7
G0401	121500.0	3014500.0	5
G0402	122500.0	3014500.0	1
G0403	124500.0	3014500.0	1
G0404	125500.0	3014500.0	4
G0405	132500.0	3014500.0	1
G0406	183500.0	3014500.0	2
G0407	184500.0	3014500.0	3
G0408	204500.0	3014500.0	1
G0409	225500.0	3014500.0	3
G0410	290500.0	3014500.0	6
G0411	367500.0	3014500.0	2
G0412	368500.0	3014500.0	1
G0413	387500.0	3014500.0	1
G0414	388500.0	3014500.0	2
G0415	109500.0	3015500.0	1
G0416	113500.0	3015500.0	4
G0417	114500.0	3015500.0	1
G0418	118500.0	3015500.0	6
G0419	122500.0	3015500.0	4
G0420	123500.0	3015500.0	3
G0421	125500.0	3015500.0	5
G0422	132500.0	3015500.0	3
G0423	225500.0	3015500.0	3
G0424	290500.0	3015500.0	2
G0425	367500.0	3015500.0	2
G0426	387500.0	3015500.0	1
G0427	388500.0	3015500.0	3
G0428	399500.0	3015500.0	4
G0429	113500.0	3016500.0	1
G0430	118500.0	3016500.0	10
G0431	123500.0	3016500.0	5
G0432	124500.0	3016500.0	2
G0433	125500.0	3016500.0	3
G0434	132500.0	3016500.0	1
G0435	133500.0	3016500.0	2
G0436	139500.0	3016500.0	2
G0437	140500.0	3016500.0	1
G0438	289500.0	3016500.0	5
G0439	290500.0	3016500.0	7
G0440	296500.0	3016500.0	1
G0441	297500.0	3016500.0	1
G0442	362500.0	3016500.0	6
G0443	367500.0	3016500.0	2
G0444	386500.0	3016500.0	2
G0445	388500.0	3016500.0	4
G0446	398500.0	3016500.0	1
G0447	399500.0	3016500.0	1
G0448	118500.0	3017500.0	1
G0449	125500.0	3017500.0	3
G0450	128500.0	3017500.0	7
G0451	129500.0	3017500.0	3
G0452	132500.0	3017500.0	2
G0453	133500.0	3017500.0	1
G0454	139500.0	3017500.0	5
G0455	140500.0	3017500.0	1
G0456	141500.0	3017500.0	7
G0457	147500.0	3017500.0	1
G0458	150500.0	3017500.0	1
G0459	151500.0	3017500.0	1
G0460	152500.0	3017500.0	1
G0461	265500.0	3017500.0	4
G0462	266500.0	3017500.0	3
G0463	267500.0	3017500.0	3
G0464	289500.0	3017500.0	1
G0465	290500.0	3017500.0	4
G0466	296500.0	3017500.0	2
G0467	297500.0	3017500.0	8
G0468	298500.0	3017500.0	9
G0469	361500.0	3017500.0	4
G0470	362500.0	3017500.0	2
G0471	385500.0	3017500.0	3
G0472	386500.0	3017500.0	2
G0473	397500.0	3017500.0	1
G0474	398500.0	3017500.0	1
G0475	125500.0	3018500.0	3
G0476	126500.0	3018500.0	5
G0477	127500.0	3018500.0	1
G0478	128500.0	3018500.0	3
G0479	132500.0	3018500.0	1
G0480	133500.0	3018500.0	1
G0481	136500.0	3018500.0	2
G0482	137500.0	3018500.0	4
G0483	138500.0	3018500.0	3
G0484	147500.0	3018500.0	2
G0485	151500.0	3018500.0	5
G0486	268500.0	3018500.0	4
G0487	275500.0	3018500.0	4
G0488	276500.0	3018500.0	6
G0489	281500.0	3018500.0	2
G0490	285500.0	3018500.0	5
G0491	324500.0	3018500.0	1
G0492	361500.0	3018500.0	3
G0493	368500.0	3018500.0	2
G0494	383500.0	3018500.0	3
G0495	384500.0	3018500.0	3
G0496	385500.0	3018500.0	4
G0497	397500.0	3018500.0	3
G0498	125500.0	3019500.0	2
G0499	126500.0	3019500.0	2
G0500	130500.0	3019500.0	8
G0501	131500.0	3019500.0	6
G0502	132500.0	3019500.0	1
G0503	146500.0	3019500.0	2
G0504	147500.0	3019500.0	4
G0505	222500.0	3019500.0	1
G0506	254500.0	3019500.0	4
G0507	255500.0	3019500.0	9
G0508	268500.0	3019500.0	3
G0509	269500.0	3019500.0	2
G0510	276500.0	3019500.0	2
G0511	280500.0	3019500.0	2
G0512	281500.0	3019500.0	2
G0513	285500.0	3019500.0	2
G0514	358500.0	3019500.0	2
G0515	359500.0	3019500.0	4
G0516	360500.0	3019500.0	1
G0517	361500.0	3019500.0	2
G0518	362500.0	3019500.0	2
G0519	367500.0	3019500.0	3
G0520	368500.0	3019500.0	2
G0521	381500.0	3019500.0	7
G0522	382500.0	3019500.0	2
G0523	383500.0	3019500.0	3
G0524	384500.0	3019500.0	2
G0525	386500.0	3019500.0	5
G0526	389500.0	3019500.0	1
G0527	397500.0	3019500.0	3
G0528	132500.0	3020500.0	2
G0529	146500.0	3020500.0	6
G0530	147500.0	3020500.0	4
G0531	163500.0	3020500.0	6
G0532	221500.0	3020500.0	2
G0533	222500.0	3020500.0	2
G0534	257500.0	3020500.0	1
G0535	258500.0	3020500.0	4
G0536	270500.0	3020500.0	3
G0537	362500.0	3020500.0	1
G0538	374500.0	3020500.0	1
G0539	375500.0	3020500.0	4
G0540	383500.0	3020500.0	1
G0541	384500.0	3020500.0	4
G0542	389500.0	3020500.0	2
G0543	390500.0	3020500.0	2
G0544	142500.0	3021500.0	1
G0545	143500.0	3021500.0	2
G0546	146500.0	3021500.0	1
G0547	213500.0	3021500.0	2
G0548	221500.0	3021500.0	3
G0549	258500.0	3021500.0	2
G0550	259500.0	3021500.0	3
G0551	269500.0	3021500.0	4
G0552	270500.0	3021500.0	5
G0553	375500.0	3021500.0	3
G0554	376500.0	3021500.0	1
G0555	379500.0	3021500.0	5
G0556	380500.0	3021500.0	3
G0557	382500.0	3021500.0	2
G0558	383500.0	3021500.0	6
G0559	389500.0	3021500.0	3
G0560	390500.0	3021500.0	2
G0561	136500.0	3022500.0	2
G0562	137500.0	3022500.0	1
G0563	138500.0	3022500.0	5
G0564	140500.0	3022500.0	3
G0565	142500.0	3022500.0	2
G0566	143500.0	3022500.0	7
G0567	166500.0	3022500.0	1
G0568	167500.0	3022500.0	4
G0569	168500.0	3022500.0	1
G0570	283500.0	3022500.0	2
G0571	284500.0	3022500.0	3
G0572	137500.0	3023500.0	4
G0573	138500.0	3023500.0	3
G0574	139500.0	3023500.0	3
G0575	140500.0	3023500.0	1
G0576	141500.0	3023500.0	3
G0577	142500.0	3023500.0	1
G0578	143500.0	3023500.0	2
G0579	167500.0	3023500.0	1
G0580	217500.0	3023500.0	1
G0581	283500.0	3023500.0	4
G0582	284500.0	3023500.0	1
G0583	137500.0	3024500.0	4
G0584	168500.0	3024500.0	1
G0585	217500.0	3024500.0	3
G0586	136500.0	3025500.0	2
G0587	137500.0	3025500.0	3
G0588	167500.0	3025500.0	1
G0589	168500.0	3025500.0	5
G0590	169500.0	3025500.0	4
G0591	171500.0	3025500.0	2
G0592	204500.0	3025500.0	1
G0593	304500.0	3025500.0	3
G0594	328500.0	3025500.0	6
G0595	168500.0	3026500.0	1
G0596	171500.0	3026500.0	3
G0597	172500.0	3026500.0	1
G0598	188500.0	3026500.0	4
G0599	204500.0	3026500.0	3
G0600	222500.0	3026500.0	2
G0601	223500.0	3026500.0	2
G0602	224500.0	3026500.0	1
G0603	225500.0	3026500.0	1
G0604	304500.0	3026500.0	11
G0605	393500.0	3026500.0	5
G0606	164500.0	3027500.0	4
G0607	165500.0	3027500.0	10
G0608	172500.0	3027500.0	1
G0609	184500.0	3027500.0	3
G0610	188500.0	3027500.0	2
G0611	204500.0	3027500.0	1
G0612	222500.0	3027500.0	2
G0613	223500.0	3027500.0	1
G0614	225500.0	3027500.0	2
G0615	302500.0	3027500.0	7
G0616	303500.0	3027500.0	3
G0617	304500.0	3027500.0	5
G0618	393500.0	3027500.0	2
G0619	394500.0	3027500.0	3
G0620	165500.0	3028500.0	10
G0621	166500.0	3028500.0	8
G0622	184500.0	3028500.0	3
G0623	221500.0	3028500.0	1
G0624	222500.0	3028500.0	1
G0625	269500.0	3028500.0	2
G0626	285500.0	3028500.0	1
G0627	288500.0	3028500.0	2
G0628	289500.0	3028500.0	1
G0629	301500.0	3028500.0	2
G0630	302500.0	3028500.0	14
G0631	303500.0	3028500.0	1
G0632	304500.0	3028500.0	3
G0633	305500.0	3028500.0	8
G0634	306500.0	3028500.0	3
G0635	307500.0	3028500.0	3
G0636	386500.0	3028500.0	6
G0637	392500.0	3028500.0	3
G0638	393500.0	3028500.0	2
G0639	394500.0	3028500.0	1
G0640	395500.0	3028500.0	2
G0641	396500.0	3028500.0	1
G0642	163500.0	3029500.0	1
G0643	166500.0	3029500.0	4
G0644	221500.0	3029500.0	2
G0645	222500.0	3029500.0	2
G0646	223500.0	3029500.0	1
G0647	224500.0	3029500.0	5
G0648	270500.0	3029500.0	3
G0649	272500.0	3029500.0	1
G0650	285500.0	3029500.0	3
G0651	286500.0	3029500.0	3
G0652	287500.0	3029500.0	3
G0653	289500.0	3029500.0	2
G0654	290500.0	3029500.0	1
G0655	299500.0	3029500.0	2
G0656	300500.0	3029500.0	9
G0657	303500.0	3029500.0	2
G0658	306500.0	3029500.0	3
G0659	307500.0	3029500.0	5
G0660	341500.0	3029500.0	2
G0661	342500.0	3029500.0	4
G0662	343500.0	3029500.0	6
G0663	385500.0	3029500.0	4
G0664	392500.0	3029500.0	3
G0665	393500.0	3029500.0	3
G0666	395500.0	3029500.0	1
G0667	396500.0	3029500.0	2
G0668	218500.0	3030500.0	5
G0669	223500.0	3030500.0	1
G0670	224500.0	3030500.0	1
G0671	227500.0	3030500.0	1
G0672	270500.0	3030500.0	1
G0673	285500.0	3030500.0	2
G0674	287500.0	3030500.0	1
G0675	290500.0	3030500.0	3
G0676	293500.0	3030500.0	1
G0677	300500.0	3030500.0	7
G0678	301500.0	3030500.0	7
G0679	303500.0	3030500.0	1
G0680	304500.0	3030500.0	1
G0681	305500.0	3030500.0	13
G0682	389500.0	3030500.0	3
G0683	390500.0	3030500.0	4
G0684	392500.0	3030500.0	1
G0685	393500.0	3030500.0	4
G0686	394500.0	3030500.0	2
G0687	395500.0	3030500.0	2
G0688	396500.0	3030500.0	2
G0689	397500.0	3030500.0	2
G0690	398500.0	3030500.0	4
G0691	155500.0	3031500.0	6
G0692	165500.0	3031500.0	8
G0693	171500.0	3031500.0	2
G0694	219500.0	3031500.0	1
G0695	223500.0	3031500.0	2
G0696	224500.0	3031500.0	3
G0697	227500.0	3031500.0	8
G0698	228500.0	3031500.0	2
G0699	285500.0	3031500.0	4
G0700	289500.0	3031500.0	3
G0701	290500.0	3031500.0	5
G0702	293500.0	3031500.0	5
G0703	301500.0	3031500.0	2
G0704	304500.0	3031500.0	6
G0705	333500.0	3031500.0	3
G0706	389500.0	3031500.0	1
G0707	392500.0	3031500.0	7
G0708	395500.0	3031500.0	4
G0709	398500.0	3031500.0	1
G0710	155500.0	3032500.0	6
G0711	156500.0	3032500.0	8
G0712	164500.0	3032500.0	2
G0713	165500.0	3032500.0	16
G0714	166500.0	3032500.0	2
G0715	170500.0	3032500.0	1
G0716	171500.0	3032500.0	3
G0717	172500.0	3032500.0	1
G0718	210500.0	3032500.0	2
G0719	211500.0	3032500.0	1
G0720	212500.0	3032500.0	1
G0721	220500.0	3032500.0	4
G0722	227500.0	3032500.0	7
G0723	281500.0	3032500.0	2
G0724	286500.0	3032500.0	3
G0725	287500.0	3032500.0	1
G0726	301500.0	3032500.0	4
G0727	333500.0	3032500.0	2
G0728	334500.0	3032500.0	5
G0729	345500.0	3032500.0	2
G0730	346500.0	3032500.0	7
G0731	392500.0	3032500.0	2
G0732	393500.0	3032500.0	2
G0733	397500.0	3032500.0	2
G0734	398500.0	3032500.0	3
G0735	147500.0	3033500.0	1
G0736	166500.0	3033500.0	2
G0737	170500.0	3033500.0	8
G0738	173500.0	3033500.0	4
G0739	174500.0	3033500.0	2
G0740	198500.0	3033500.0	4
G0741	203500.0	3033500.0	4
G0742	204500.0	3033500.0	2
G0743	210500.0	3033500.0	6
G0744	211500.0	3033500.0	2
G0745	212500.0	3033500.0	1
G0746	220500.0	3033500.0	3
G0747	227500.0	3033500.0	3
G0748	269500.0	3033500.0	4
G0749	270500.0	3033500.0	2
G0750	281500.0	3033500.0	4
G0751	284500.0	3033500.0	5
G0752	285500.0	3033500.0	4
G0753	286500.0	3033500.0	2
G0754	297500.0	3033500.0	3
G0755	298500.0	3033500.0	3
G0756	300500.0	3033500.0	6
G0757	345500.0	3033500.0	1
G0758	346500.0	3033500.0	9
G0759	347500.0	3033500.0	2
G0760	385500.0	3033500.0	1
G0761	389500.0	3033500.0	1
G0762	391500.0	3033500.0	5
G0763	392500.0	3033500.0	3
G0764	393500.0	3033500.0	1
G0765	394500.0	3033500.0	3
G0766	395500.0	3033500.0	2
G0767	396500.0	3033500.0	1
G0768	397500.0	3033500.0	2
G0769	398500.0	3033500.0	2
G0770	170500.0	3034500.0	2
G0771	172500.0	3034500.0	1
G0772	173500.0	3034500.0	1
G0773	174500.0	3034500.0	1
G0774	198500.0	3034500.0	2
G0775	200500.0	3034500.0	2
G0776	201500.0	3034500.0	1
G0777	209500.0	3034500.0	1
G0778	210500.0	3034500.0	3
G0779	212500.0	3034500.0	1
G0780	214500.0	3034500.0	4
G0781	281500.0	3034500.0	3
G0782	283500.0	3034500.0	1
G0783	284500.0	3034500.0	1
G0784	286500.0	3034500.0	2
G0785	293500.0	3034500.0	1
G0786	294500.0	3034500.0	1
G0787	296500.0	3034500.0	2
G0788	297500.0	3034500.0	5
G0789	299500.0	3034500.0	3
G0790	300500.0	3034500.0	1
G0791	346500.0	3034500.0	4
G0792	371500.0	3034500.0	5
G0793	372500.0	3034500.0	3
G0794	377500.0	3034500.0	5
G0795	382500.0	3034500.0	10
G0796	384500.0	3034500.0	7
G0797	389500.0	3034500.0	4
G0798	395500.0	3034500.0	3
G0799	396500.0	3034500.0	3
G0800	169500.0	3035500.0	1
G0801	175500.0	3035500.0	2
G0802	176500.0	3035500.0	2
G0803	177500.0	3035500.0	2
G0804	200500.0	3035500.0	2
G0805	209500.0	3035500.0	2
G0806	210500.0	3035500.0	3
G0807	211500.0	3035500.0	5
G0808	212500.0	3035500.0	4
G0809	214500.0	3035500.0	5
G0810	215500.0	3035500.0	8
G0811	261500.0	3035500.0	3
G0812	281500.0	3035500.0	2
G0813	282500.0	3035500.0	3
G0814	283500.0	3035500.0	5
G0815	284500.0	3035500.0	1
G0816	293500.0	3035500.0	4
G0817	294500.0	3035500.0	2
G0818	296500.0	3035500.0	4
G0819	297500.0	3035500.0	3
G0820	298500.0	3035500.0	1
G0821	387500.0	3035500.0	2
G0822	389500.0	3035500.0	4
G0823	151500.0	3036500.0	2
G0824	152500.0	3036500.0	1
G0825	174500.0	3036500.0	2
G0826	175500.0	3036500.0	2
G0827	177500.0	3036500.0	1
G0828	200500.0	3036500.0	2
G0829	207500.0	3036500.0	4
G0830	214500.0	3036500.0	3
G0831	228500.0	3036500.0	5
G0832	262500.0	3036500.0	3
G0833	263500.0	3036500.0	1
G0834	282500.0	3036500.0	1
G0835	298500.0	3036500.0	3
G0836	299500.0	3036500.0	3
G0837	300500.0	3036500.0	2
G0838	387500.0	3036500.0	3
G0839	388500.0	3036500.0	4
G0840	392500.0	3036500.0	5
G0841	139500.0	3037500.0	3
G0842	152500.0	3037500.0	4
G0843	173500.0	3037500.0	7
G0844	175500.0	3037500.0	3
G0845	207500.0	3037500.0	3
G0846	213500.0	3037500.0	5
G0847	214500.0	3037500.0	2
G0848	215500.0	3037500.0	2
G0849	227500.0	3037500.0	3
G0850	230500.0	3037500.0	1
G0851	259500.0	3037500.0	1
G0852	265500.0	3037500.0	6
G0853	286500.0	3037500.0	1
G0854	298500.0	3037500.0	5
G0855	299500.0	3037500.0	2
G0856	301500.0	3037500.0	7
G0857	392500.0	3037500.0	1
G0858	137500.0	3038500.0	4
G0859	139500.0	3038500.0	4
G0860	148500.0	3038500.0	1
G0861	151500.0	3038500.0	1
G0862	152500.0	3038500.0	2
G0863	156500.0	3038500.0	2
G0864	174500.0	3038500.0	9
G0865	175500.0	3038500.0	3
G0866	202500.0	3038500.0	2
G0867	215500.0	3038500.0	2
G0868	216500.0	3038500.0	1
G0869	219500.0	3038500.0	4
G0870	220500.0	3038500.0	3
G0871	229500.0	3038500.0	3
G0872	230500.0	3038500.0	5
G0873	253500.0	3038500.0	2
G0874	254500.0	3038500.0	4
G0875	259500.0	3038500.0	1
G0876	260500.0	3038500.0	3
G0877	261500.0	3038500.0	1
G0878	277500.0	3038500.0	2
G0879	278500.0	3038500.0	1
G0880	279500.0	3038500.0	3
G0881	280500.0	3038500.0	2
G0882	281500.0	3038500.0	3
G0883	282500.0	3038500.0	1
G0884	286500.0	3038500.0	3
G0885	287500.0	3038500.0	2
G0886	292500.0	3038500.0	2
G0887	297500.0	3038500.0	5
G0888	298500.0	3038500.0	1
G0889	301500.0	3038500.0	5
G0890	137500.0	3039500.0	2
G0891	138500.0	3039500.0	1
G0892	140500.0	3039500.0	2
G0893	141500.0	3039500.0	1
G0894	144500.0	3039500.0	1
G0895	151500.0	3039500.0	1
G0896	152500.0	3039500.0	1
G0897	155500.0	3039500.0	8
G0898	156500.0	3039500.0	2
G0899	157500.0	3039500.0	2
G0900	158500.0	3039500.0	4
G0901	159500.0	3039500.0	4
G0902	160500.0	3039500.0	4
G0903	164500.0	3039500.0	3
G0904	165500.0	3039500.0	1
G0905	182500.0	3039500.0	3
G0906	201500.0	3039500.0	4
G0907	202500.0	3039500.0	2
G0908	212500.0	3039500.0	6
G0909	215500.0	3039500.0	2
G0910	216500.0	3039500.0	2
G0911	217500.0	3039500.0	1
G0912	229500.0	3039500.0	1
G0913	257500.0	3039500.0	4
G0914	258500.0	3039500.0	4
G0915	259500.0	3039500.0	1
G0916	267500.0	3039500.0	1
G0917	268500.0	3039500.0	3
G0918	269500.0	3039500.0	3
G0919	276500.0	3039500.0	3
G0920	277500.0	3039500.0	2
G0921	278500.0	3039500.0	3
G0922	279500.0	3039500.0	1
G0923	280500.0	3039500.0	3
G0924	281500.0	3039500.0	3
G0925	292500.0	3039500.0	4
G0926	293500.0	3039500.0	5
G0927	294500.0	3039500.0	4
G0928	297500.0	3039500.0	2
G0929	343500.0	3039500.0	3
G0930	137500.0	3040500.0	1
G0931	138500.0	3040500.0	4
G0932	139500.0	3040500.0	1
G0933	151500.0	3040500.0	2
G0934	152500.0	3040500.0	3
G0935	159500.0	3040500.0	12
G0936	160500.0	3040500.0	6
G0937	164500.0	3040500.0	2
G0938	165500.0	3040500.0	1
G0939	182500.0	3040500.0	2
G0940	183500.0	3040500.0	1
G0941	202500.0	3040500.0	1
G0942	203500.0	3040500.0	1
G0943	207500.0	3040500.0	2
G0944	208500.0	3040500.0	2
G0945	209500.0	3040500.0	1
G0946	212500.0	3040500.0	1
G0947	223500.0	3040500.0	1
G0948	224500.0	3040500.0	2
G0949	227500.0	3040500.0	3
G0950	228500.0	3040500.0	4
G0951	235500.0	3040500.0	1
G0952	236500.0	3040500.0	5
G0953	259500.0	3040500.0	1
G0954	260500.0	3040500.0	4
G0955	261500.0	3040500.0	1
G0956	267500.0	3040500.0	2
G0957	269500.0	3040500.0	4
G0958	276500.0	3040500.0	2
G0959	277500.0	3040500.0	1
G0960	278500.0	3040500.0	1
G0961	290500.0	3040500.0	3
G0962	293500.0	3040500.0	1
G0963	294500.0	3040500.0	3
G0964	295500.0	3040500.0	7
G0965	301500.0	3040500.0	2
G0966	344500.0	3040500.0	4
G0967	152500.0	3041500.0	3
G0968	207500.0	3041500.0	1
G0969	208500.0	3041500.0	2
G0970	223500.0	3041500.0	2
G0971	224500.0	3041500.0	1
G0972	232500.0	3041500.0	3
G0973	236500.0	3041500.0	1
G0974	239500.0	3041500.0	1
G0975	243500.0	3041500.0	2
G0976	259500.0	3041500.0	1
G0977	260500.0	3041500.0	2
G0978	261500.0	3041500.0	1
G0979	273500.0	3041500.0	3
G0980	274500.0	3041500.0	3
G0981	290500.0	3041500.0	5
G0982	295500.0	3041500.0	1
G0983	301500.0	3041500.0	4
G0984	329500.0	3041500.0	2
G0985	343500.0	3041500.0	2
G0986	344500.0	3041500.0	6
G0987	360500.0	3041500.0	1
G0988	146500.0	3042500.0	2
G0989	151500.0	3042500.0	2
G0990	152500.0	3042500.0	2
G0991	209500.0	3042500.0	4
G0992	216500.0	3042500.0	4
G0993	226500.0	3042500.0	4
G0994	227500.0	3042500.0	2
G0995	232500.0	3042500.0	2
G0996	233500.0	3042500.0	3
G0997	234500.0	3042500.0	4
G0998	239500.0	3042500.0	3
G0999	240500.0	3042500.0	2
G1000	243500.0	3042500.0	3
G1001	260500.0	3042500.0	2
G1002	273500.0	3042500.0	1
G1003	274500.0	3042500.0	2
G1004	290500.0	3042500.0	2
G1005	301500.0	3042500.0	3
G1006	329500.0	3042500.0	4
G1007	330500.0	3042500.0	6
G1008	343500.0	3042500.0	1
G1009	358500.0	3042500.0	4
G1010	144500.0	3043500.0	1
G1011	152500.0	3043500.0	1
G1012	157500.0	3043500.0	8
G1013	158500.0	3043500.0	2
G1014	179500.0	3043500.0	2
G1015	182500.0	3043500.0	1
G1016	209500.0	3043500.0	3
G1017	216500.0	3043500.0	3
G1018	217500.0	3043500.0	2
G1019	225500.0	3043500.0	1
G1020	226500.0	3043500.0	3
G1021	264500.0	3043500.0	5
G1022	281500.0	3043500.0	4
G1023	282500.0	3043500.0	4
G1024	284500.0	3043500.0	4
G1025	290500.0	3043500.0	3
G1026	291500.0	3043500.0	1
G1027	301500.0	3043500.0	2
G1028	329500.0	3043500.0	2
G1029	330500.0	3043500.0	2
G1030	357500.0	3043500.0	4
G1031	154500.0	3044500.0	6
G1032	157500.0	3044500.0	2
G1033	158500.0	3044500.0	2
G1034	179500.0	3044500.0	10
G1035	183500.0	3044500.0	3
G1036	209500.0	3044500.0	1
G1037	241500.0	3044500.0	2
G1038	242500.0	3044500.0	1
G1039	259500.0	3044500.0	3
G1040	260500.0	3044500.0	4
G1041	264500.0	3044500.0	3
G1042	265500.0	3044500.0	1
G1043	271500.0	3044500.0	1
G1044	274500.0	3044500.0	1
G1045	281500.0	3044500.0	1
G1046	285500.0	3044500.0	4
G1047	286500.0	3044500.0	2
G1048	298500.0	3044500.0	6
G1049	299500.0	3044500.0	1
G1050	329500.0	3044500.0	12
G1051	342500.0	3044500.0	2
G1052	357500.0	3044500.0	8
G1053	358500.0	3044500.0	2
G1054	359500.0	3044500.0	2
G1055	145500.0	3045500.0	2
G1056	154500.0	3045500.0	14
G1057	163500.0	3045500.0	2
G1058	164500.0	3045500.0	3
G1059	165500.0	3045500.0	1
G1060	178500.0	3045500.0	3
G1061	222500.0	3045500.0	2
G1062	242500.0	3045500.0	3
G1063	255500.0	3045500.0	1
G1064	256500.0	3045500.0	4
G1065	257500.0	3045500.0	2
G1066	260500.0	3045500.0	2
G1067	261500.0	3045500.0	4
G1068	262500.0	3045500.0	3
G1069	263500.0	3045500.0	5
G1070	264500.0	3045500.0	2
G1071	266500.0	3045500.0	3
G1072	267500.0	3045500.0	1
G1073	271500.0	3045500.0	2
G1074	272500.0	3045500.0	2
G1075	273500.0	3045500.0	3
G1076	274500.0	3045500.0	4
G1077	285500.0	3045500.0	1
G1078	341500.0	3045500.0	2
G1079	342500.0	3045500.0	4
G1080	347500.0	3045500.0	1
G1081	357500.0	3045500.0	2
G1082	358500.0	3045500.0	8
G1083	359500.0	3045500.0	4
G1084	361500.0	3045500.0	2
G1085	143500.0	3046500.0	1
G1086	144500.0	3046500.0	2
G1087	145500.0	3046500.0	1
G1088	147500.0	3046500.0	4
G1089	163500.0	3046500.0	1
G1090	178500.0	3046500.0	2
G1091	179500.0	3046500.0	2
G1092	221500.0	3046500.0	3
G1093	222500.0	3046500.0	1
G1094	223500.0	3046500.0	5
G1095	224500.0	3046500.0	3
G1096	225500.0	3046500.0	3
G1097	226500.0	3046500.0	2
G1098	256500.0	3046500.0	1
G1099	259500.0	3046500.0	3
G1100	262500.0	3046500.0	1
G1101	263500.0	3046500.0	1
G1102	266500.0	3046500.0	3
G1103	267500.0	3046500.0	1
G1104	271500.0	3046500.0	1
G1105	272500.0	3046500.0	1
G1106	297500.0	3046500.0	2
G1107	298500.0	3046500.0	5
G1108	346500.0	3046500.0	6
G1109	359500.0	3046500.0	4
G1110	360500.0	3046500.0	6
G1111	143500.0	3047500.0	2
G1112	144500.0	3047500.0	2
G1113	150500.0	3047500.0	1
G1114	151500.0	3047500.0	2
G1115	162500.0	3047500.0	2
G1116	163500.0	3047500.0	3
G1117	171500.0	3047500.0	3
G1118	172500.0	3047500.0	4
G1119	173500.0	3047500.0	1
G1120	221500.0	3047500.0	2
G1121	222500.0	3047500.0	3
G1122	223500.0	3047500.0	1
G1123	224500.0	3047500.0	2
G1124	226500.0	3047500.0	3
G1125	227500.0	3047500.0	1
G1126	228500.0	3047500.0	4
G1127	229500.0	3047500.0	2
G1128	235500.0	3047500.0	1
G1129	236500.0	3047500.0	2
G1130	238500.0	3047500.0	3
G1131	240500.0	3047500.0	1
G1132	251500.0	3047500.0	1
G1133	252500.0	3047500.0	4
G1134	253500.0	3047500.0	6
G1135	254500.0	3047500.0	3
G1136	255500.0	3047500.0	4
G1137	256500.0	3047500.0	5
G1138	257500.0	3047500.0	2
G1139	258500.0	3047500.0	2
G1140	267500.0	3047500.0	1
G1141	268500.0	3047500.0	1
G1142	269500.0	3047500.0	2
G1143	270500.0	3047500.0	4
G1144	273500.0	3047500.0	4
G1145	274500.0	3047500.0	5
G1146	304500.0	3047500.0	5
G1147	305500.0	3047500.0	2
G1148	306500.0	3047500.0	10
G1149	338500.0	3047500.0	3
G1150	339500.0	3047500.0	1
G1151	344500.0	3047500.0	6
G1152	345500.0	3047500.0	3
G1153	346500.0	3047500.0	5
G1154	143500.0	3048500.0	2
G1155	144500.0	3048500.0	3
G1156	146500.0	3048500.0	3
G1157	149500.0	3048500.0	2
G1158	150500.0	3048500.0	4
G1159	161500.0	3048500.0	5
G1160	162500.0	3048500.0	2
G1161	172500.0	3048500.0	1
G1162	184500.0	3048500.0	1
G1163	209500.0	3048500.0	4
G1164	210500.0	3048500.0	1
G1165	235500.0	3048500.0	2
G1166	236500.0	3048500.0	6
G1167	238500.0	3048500.0	2
G1168	240500.0	3048500.0	7
G1169	253500.0	3048500.0	1
G1170	257500.0	3048500.0	1
G1171	258500.0	3048500.0	2
G1172	266500.0	3048500.0	2
G1173	267500.0	3048500.0	3
G1174	268500.0	3048500.0	3
G1175	270500.0	3048500.0	1
G1176	274500.0	3048500.0	5
G1177	338500.0	3048500.0	1
G1178	339500.0	3048500.0	2
G1179	145500.0	3049500.0	3
G1180	146500.0	3049500.0	1
G1181	209500.0	3049500.0	4
G1182	232500.0	3049500.0	1
G1183	238500.0	3049500.0	6
G1184	262500.0	3049500.0	6
G1185	263500.0	3049500.0	1
G1186	264500.0	3049500.0	2
G1187	266500.0	3049500.0	4
G1188	267500.0	3049500.0	2
G1189	268500.0	3049500.0	6
G1190	273500.0	3049500.0	6
G1191	274500.0	3049500.0	6
G1192	339500.0	3049500.0	1
G1193	340500.0	3049500.0	3
G1194	147500.0	3050500.0	2
G1195	148500.0	3050500.0	1
G1196	150500.0	3050500.0	4
G1197	151500.0	3050500.0	1
G1198	232500.0	3050500.0	3
G1199	233500.0	3050500.0	1
G1200	235500.0	3050500.0	2
G1201	236500.0	3050500.0	3
G1202	237500.0	3050500.0	1
G1203	238500.0	3050500.0	3
G1204	264500.0	3050500.0	4
G1205	273500.0	3050500.0	3
G1206	274500.0	3050500.0	2
G1207	275500.0	3050500.0	2
G1208	341500.0	3050500.0	3
G1209	146500.0	3051500.0	1
G1210	148500.0	3051500.0	2
G1211	151500.0	3051500.0	2
G1212	256500.0	3051500.0	2
G1213	262500.0	3051500.0	5
G1214	263500.0	3051500.0	1
G1215	300500.0	3051500.0	7
G1216	304500.0	3051500.0	9
G1217	329500.0	3051500.0	4
G1218	330500.0	3051500.0	2
G1219	331500.0	3051500.0	4
G1220	332500.0	3051500.0	3
G1221	333500.0	3051500.0	2
G1222	355500.0	3051500.0	3
G1223	356500.0	3051500.0	8
G1224	357500.0	3051500.0	3
G1225	180500.0	3052500.0	1
G1226	225500.0	3052500.0	1
G1227	226500.0	3052500.0	4
G1228	255500.0	3052500.0	1
G1229	256500.0	3052500.0	3
G1230	257500.0	3052500.0	1
G1231	282500.0	3052500.0	2
G1232	283500.0	3052500.0	1
G1233	288500.0	3052500.0	1
G1234	291500.0	3052500.0	1
G1235	292500.0	3052500.0	3
G1236	356500.0	3052500.0	7
G1237	357500.0	3052500.0	4
G1238	179500.0	3053500.0	2
G1239	180500.0	3053500.0	4
G1240	223500.0	3053500.0	1
G1241	224500.0	3053500.0	1
G1242	225500.0	3053500.0	1
G1243	226500.0	3053500.0	7
G1244	264500.0	3053500.0	1
G1245	282500.0	3053500.0	3
G1246	283500.0	3053500.0	1
G1247	287500.0	3053500.0	3
G1248	288500.0	3053500.0	4
G1249	289500.0	3053500.0	2
G1250	292500.0	3053500.0	4
G1251	345500.0	3053500.0	4
G1252	347500.0	3053500.0	1
G1253	355500.0	3053500.0	4
G1254	356500.0	3053500.0	9
G1255	357500.0	3053500.0	6
G1256	222500.0	3054500.0	6
G1257	223500.0	3054500.0	1
G1258	224500.0	3054500.0	3
G1259	225500.0	3054500.0	1
G1260	226500.0	3054500.0	5
G1261	234500.0	3054500.0	2
G1262	263500.0	3054500.0	1
G1263	264500.0	3054500.0	22
G1264	265500.0	3054500.0	9
G1265	284500.0	3054500.0	1
G1266	297500.0	3054500.0	1
G1267	298500.0	3054500.0	3
G1268	314500.0	3054500.0	2
G1269	315500.0	3054500.0	2
G1270	329500.0	3054500.0	1
G1271	330500.0	3054500.0	4
G1272	332500.0	3054500.0	5
G1273	344500.0	3054500.0	4
G1274	345500.0	3054500.0	7
G1275	346500.0	3054500.0	5
G1276	347500.0	3054500.0	1
G1277	355500.0	3054500.0	2
G1278	356500.0	3054500.0	2
G1279	222500.0	3055500.0	1
G1280	223500.0	3055500.0	2
G1281	224500.0	3055500.0	2
G1282	225500.0	3055500.0	1
G1283	226500.0	3055500.0	1
G1284	230500.0	3055500.0	1
G1285	231500.0	3055500.0	1
G1286	232500.0	3055500.0	1
G1287	233500.0	3055500.0	1
G1288	234500.0	3055500.0	1
G1289	236500.0	3055500.0	2
G1290	243500.0	3055500.0	1
G1291	264500.0	3055500.0	8
G1292	265500.0	3055500.0	1
G1293	284500.0	3055500.0	2
G1294	285500.0	3055500.0	3
G1295	295500.0	3055500.0	1
G1296	296500.0	3055500.0	4
G1297	297500.0	3055500.0	2
G1298	298500.0	3055500.0	1
G1299	299500.0	3055500.0	2
G1300	314500.0	3055500.0	16
G1301	329500.0	3055500.0	2
G1302	330500.0	3055500.0	3
G1303	332500.0	3055500.0	8
G1304	333500.0	3055500.0	2
G1305	345500.0	3055500.0	5
G1306	351500.0	3055500.0	1
G1307	356500.0	3055500.0	7
G1308	357500.0	3055500.0	9
G1309	167500.0	3056500.0	1
G1310	202500.0	3056500.0	4
G1311	203500.0	3056500.0	4
G1312	204500.0	3056500.0	2
G1313	221500.0	3056500.0	2
G1314	225500.0	3056500.0	1
G1315	226500.0	3056500.0	3
G1316	230500.0	3056500.0	3
G1317	231500.0	3056500.0	1
G1318	232500.0	3056500.0	2
G1319	233500.0	3056500.0	2
G1320	234500.0	3056500.0	4
G1321	241500.0	3056500.0	3
G1322	242500.0	3056500.0	2
G1323	278500.0	3056500.0	5
G1324	296500.0	3056500.0	1
G1325	299500.0	3056500.0	1
G1326	300500.0	3056500.0	2
G1327	314500.0	3056500.0	2
G1328	329500.0	3056500.0	1
G1329	330500.0	3056500.0	2
G1330	331500.0	3056500.0	2
G1331	355500.0	3056500.0	1
G1332	356500.0	3056500.0	4
G1333	357500.0	3056500.0	5
G1334	166500.0	3057500.0	2
G1335	201500.0	3057500.0	1
G1336	204500.0	3057500.0	4
G1337	220500.0	3057500.0	3
G1338	221500.0	3057500.0	3
G1339	243500.0	3057500.0	3
G1340	244500.0	3057500.0	1
G1341	248500.0	3057500.0	2
G1342	253500.0	3057500.0	1
G1343	264500.0	3057500.0	2
G1344	277500.0	3057500.0	2
G1345	278500.0	3057500.0	6
G1346	279500.0	3057500.0	2
G1347	299500.0	3057500.0	1
G1348	300500.0	3057500.0	3
G1349	330500.0	3057500.0	9
G1350	355500.0	3057500.0	1
G1351	356500.0	3057500.0	1
G1352	165500.0	3058500.0	4
G1353	166500.0	3058500.0	3
G1354	167500.0	3058500.0	1
G1355	205500.0	3058500.0	3
G1356	217500.0	3058500.0	1
G1357	218500.0	3058500.0	6
G1358	219500.0	3058500.0	3
G1359	243500.0	3058500.0	2
G1360	244500.0	3058500.0	2
G1361	248500.0	3058500.0	3
G1362	249500.0	3058500.0	1
G1363	253500.0	3058500.0	2
G1364	254500.0	3058500.0	3
G1365	255500.0	3058500.0	1
G1366	265500.0	3058500.0	2
G1367	267500.0	3058500.0	1
G1368	270500.0	3058500.0	2
G1369	295500.0	3058500.0	1
G1370	296500.0	3058500.0	4
G1371	297500.0	3058500.0	1
G1372	356500.0	3058500.0	3
G1373	165500.0	3059500.0	1
G1374	166500.0	3059500.0	4
G1375	167500.0	3059500.0	2
G1376	193500.0	3059500.0	2
G1377	194500.0	3059500.0	5
G1378	195500.0	3059500.0	2
G1379	196500.0	3059500.0	4
G1380	197500.0	3059500.0	1
G1381	201500.0	3059500.0	1
G1382	202500.0	3059500.0	6
G1383	225500.0	3059500.0	1
G1384	226500.0	3059500.0	4
G1385	227500.0	3059500.0	1
G1386	246500.0	3059500.0	1
G1387	247500.0	3059500.0	1
G1388	252500.0	3059500.0	1
G1389	265500.0	3059500.0	2
G1390	266500.0	3059500.0	2
G1391	267500.0	3059500.0	4
G1392	268500.0	3059500.0	1
G1393	270500.0	3059500.0	4
G1394	194500.0	3060500.0	8
G1395	196500.0	3060500.0	3
G1396	197500.0	3060500.0	4
G1397	202500.0	3060500.0	2
G1398	204500.0	3060500.0	3
G1399	205500.0	3060500.0	2
G1400	246500.0	3060500.0	1
G1401	247500.0	3060500.0	1
G1402	252500.0	3060500.0	1
G1403	265500.0	3060500.0	2
G1404	266500.0	3060500.0	2
G1405	267500.0	3060500.0	2
G1406	270500.0	3060500.0	1
G1407	286500.0	3060500.0	3
G1408	294500.0	3060500.0	1
G1409	295500.0	3060500.0	2
G1410	331500.0	3060500.0	4
G1411	332500.0	3060500.0	3
G1412	193500.0	3061500.0	1
G1413	196500.0	3061500.0	1
G1414	197500.0	3061500.0	3
G1415	225500.0	3061500.0	1
G1416	226500.0	3061500.0	6
G1417	267500.0	3061500.0	1
G1418	286500.0	3061500.0	2
G1419	287500.0	3061500.0	2
G1420	293500.0	3061500.0	2
G1421	294500.0	3061500.0	3
G1422	167500.0	3062500.0	1
G1423	168500.0	3062500.0	5
G1424	285500.0	3062500.0	4
G1425	286500.0	3062500.0	2
G1426	287500.0	3062500.0	2
G1427	331500.0	3062500.0	1
G1428	332500.0	3062500.0	4
G1429	333500.0	3062500.0	1
G1430	339500.0	3062500.0	4
G1431	340500.0	3062500.0	6
G1432	341500.0	3062500.0	5
G1433	168500.0	3063500.0	3
G1434	266500.0	3063500.0	1
G1435	267500.0	3063500.0	3
G1436	285500.0	3063500.0	3
G1437	286500.0	3063500.0	1
G1438	295500.0	3063500.0	1
G1439	331500.0	3063500.0	1
G1440	332500.0	3063500.0	3
G1441	333500.0	3063500.0	3
G1442	343500.0	3063500.0	9
G1443	168500.0	3064500.0	2
G1444	169500.0	3064500.0	1
G1445	267500.0	3064500.0	4
G1446	272500.0	3064500.0	4
G1447	273500.0	3064500.0	1
G1448	278500.0	3064500.0	4
G1449	279500.0	3064500.0	5
G1450	280500.0	3064500.0	2
G1451	296500.0	3064500.0	4
G1452	297500.0	3064500.0	2
G1453	332500.0	3064500.0	3
G1454	343500.0	3064500.0	5
G1455	265500.0	3065500.0	2
G1456	267500.0	3065500.0	2
G1457	268500.0	3065500.0	6
G1458	273500.0	3065500.0	8
G1459	279500.0	3065500.0	6
G1460	280500.0	3065500.0	1
G1461	296500.0	3065500.0	3
G1462	297500.0	3065500.0	1
G1463	350500.0	3065500.0	2
G1464	264500.0	3066500.0	8
G1465	265500.0	3066500.0	2
G1466	268500.0	3066500.0	8
G1467	312500.0	3066500.0	6
G1468	313500.0	3066500.0	2
G1469	338500.0	3066500.0	3
G1470	339500.0	3066500.0	3
G1471	340500.0	3066500.0	7
G1472	341500.0	3066500.0	2
G1473	268500.0	3067500.0	6
G1474	313500.0	3067500.0	8
G1475	332500.0	3067500.0	2
G1476	333500.0	3067500.0	7
G1477	339500.0	3067500.0	2
G1478	340500.0	3067500.0	1
G1479	176500.0	3068500.0	5
G1480	177500.0	3068500.0	4
G1481	184500.0	3068500.0	3
G1482	185500.0	3068500.0	1
G1483	187500.0	3068500.0	2
G1484	197500.0	3068500.0	1
G1485	198500.0	3068500.0	7
G1486	269500.0	3068500.0	6
G1487	276500.0	3068500.0	1
G1488	334500.0	3068500.0	5
G1489	335500.0	3068500.0	2
G1490	176500.0	3069500.0	3
G1491	177500.0	3069500.0	2
G1492	184500.0	3069500.0	4
G1493	185500.0	3069500.0	1
G1494	187500.0	3069500.0	7
G1495	188500.0	3069500.0	4
G1496	276500.0	3069500.0	11
G1497	277500.0	3069500.0	13
G1498	278500.0	3069500.0	6
G1499	327500.0	3069500.0	4
G1500	341500.0	3069500.0	5
G1501	346500.0	3069500.0	4
G1502	347500.0	3069500.0	4
G1503	348500.0	3069500.0	4
G1504	184500.0	3070500.0	2
G1505	187500.0	3070500.0	3
G1506	188500.0	3070500.0	3
G1507	197500.0	3070500.0	3
G1508	274500.0	3070500.0	2
G1509	275500.0	3070500.0	6
G1510	276500.0	3070500.0	5
G1511	277500.0	3070500.0	1
G1512	278500.0	3070500.0	10
G1513	322500.0	3070500.0	4
G1514	323500.0	3070500.0	6
G1515	327500.0	3070500.0	8
G1516	333500.0	3070500.0	7
G1517	334500.0	3070500.0	2
G1518	346500.0	3070500.0	4
G1519	347500.0	3070500.0	6
G1520	348500.0	3070500.0	4
G1521	349500.0	3070500.0	8
G1522	184500.0	3071500.0	3
G1523	196500.0	3071500.0	3
G1524	197500.0	3071500.0	4
G1525	275500.0	3071500.0	4
G1526	322500.0	3071500.0	6
G1527	323500.0	3071500.0	6
G1528	327500.0	3071500.0	2
G1529	331500.0	3071500.0	1
G1530	332500.0	3071500.0	6
G1531	333500.0	3071500.0	9
G1532	334500.0	3071500.0	4
G1533	346500.0	3071500.0	3
G1534	348500.0	3071500.0	2
G1535	196500.0	3072500.0	12
G1536	275500.0	3072500.0	4
G1537	316500.0	3072500.0	2
G1538	322500.0	3072500.0	6
G1539	332500.0	3072500.0	5
G1540	196500.0	3073500.0	4
G1541	312500.0	3073500.0	2
G1542	313500.0	3073500.0	2
G1543	316500.0	3073500.0	8
G1544	329500.0	3073500.0	4
G1545	332500.0	3073500.0	4
G1546	181500.0	3074500.0	1
G1547	313500.0	3074500.0	4
G1548	316500.0	3074500.0	10
G1549	329500.0	3074500.0	8
G1550	332500.0	3074500.0	4
G1551	333500.0	3074500.0	3
G1552	334500.0	3074500.0	7
G1553	335500.0	3074500.0	1
G1554	181500.0	3075500.0	5
G1555	182500.0	3075500.0	3
G1556	183500.0	3075500.0	3
G1557	184500.0	3075500.0	1
G1558	314500.0	3075500.0	4
G1559	316500.0	3075500.0	2
G1560	182500.0	3076500.0	9
G1561	183500.0	3076500.0	2
G1562	184500.0	3076500.0	5
G1563	313500.0	3076500.0	2
G1564	314500.0	3076500.0	2
G1565	175500.0	3077500.0	5
G1566	176500.0	3077500.0	1
G1567	182500.0	3077500.0	3
G1568	183500.0	3077500.0	1
G1569	184500.0	3077500.0	1
G1570	185500.0	3077500.0	5
G1571	175500.0	3078500.0	6
G1572	176500.0	3078500.0	5
G1573	177500.0	3078500.0	3
G1574	304500.0	3078500.0	1
G1575	305500.0	3078500.0	3
G1576	302500.0	3079500.0	1
G1577	303500.0	3079500.0	2
G1578	304500.0	3079500.0	5
G1579	318500.0	3079500.0	2
G1580	319500.0	3079500.0	5
G1581	320500.0	3079500.0	1
G1582	299500.0	3080500.0	4
G1583	300500.0	3080500.0	2
G1584	301500.0	3080500.0	3
G1585	302500.0	3080500.0	1
G1586	310500.0	3080500.0	2
G1587	311500.0	3080500.0	4
G1588	318500.0	3080500.0	1
G1589	319500.0	3080500.0	2
G1590	320500.0	3080500.0	2
G1591	317500.0	3082500.0	3
G1592	317500.0	3083500.0	4
G1593	312500.0	3084500.0	2
G1594	313500.0	3084500.0	1
G1595	312500.0	3085500.0	1
G1596	313500.0	3085500.0	3
G1597	312500.0	3086500.0	1
G1598	313500.0	3086500.0	2
G1599	178500.0	3088500.0	5
G1600	179500.0	3088500.0	2
G1601	181500.0	3092500.0	1
G1602	180500.0	3093500.0	7
G1603	181500.0	3093500.0	5
G1604	180500.0	3094500.0	2
G1605	181500.0	3094500.0	2
G1606	181500.0	3095500.0	8
G1607	179500.0	3099500.0	8
